201135371
201149010
201166796
201174916
201174931
201177605
201246203
201250998
201256673
201284557
201287743
201325162
201343967
201373854
201392458
201445195
201458168
201464670
201469460
201501768
201506281
201508077
201511281
201541693
201562994
201617921
201633896
201636778
201643370
201660506
201673266
201682605
201723433
201741886
201745720
201752165
201764123
201766300
201784954
201808069
201823228
201830106
201880811
201904429
201923958
201954104
201973664
201981178
201998108
202016688
202034917
202037613
202046439
202053474
202068758
202071301
202083799
202091749
202127182
202127867
202127908
202135938
202136162
202136214
202137436
202137451
202137484
202137668
202137762
202137943
202138231
202138334
202138808
202138828
202138911
202138999
202139640
202139884
206557013
206609462
206618206
206627297
206631204
206636343
206639678
206666016
206676720
206683321
206692735
206698132
206708386
206729483
206732038
206746129
206758215
206762791
206783376
206783401
206795062
206798657
206807580
206807675
206808216
206810421
206820833
206824436
206826115
206827482
206827603
206830358
206830672
206838517
206842768
206851224
206862566
206865668
206868016
206870495
206871866
206890069
206891091
206891478
206892913
206900395
206901662
206906288
206907118
206909008
206911971
206912004
206916543
206918502
206922745
206927950
206928558
206928928
206930473
206930754
206931266
206932488
206936610
206937213
206937652
206937841
206937982
206942206
206951187
206956379
206968190
206970038
206972298
206973296
206977038
206977240
206988974
206992666
206992748
206994548
206996097
206997290
206998838
207000541
207002542
207004133
207008089
207009168
207011142
207011859
207016645
207020081
207022871
207024002
207027716
207031145
207039215
207043615
207048966
207049963
207055015
207059686
207062117
207063291
207068446
207077372
207081977
207097690
207098664
207100850
207113526
207114191
207119548
207119793
207133709
207134953
207135538
207135785
207142510
207142836
207146731
207149203
207151167
207151210
207151858
207160539
207165326
207176986
207184377
207190681
207193019
207193433
207205078
207212700
207217000
207223150
207223439
207223944
207226527
207233345
207239997
207241903
207241916
207252180
207253410
207253674
207258146
207258461
207263088
207276400
207277112
207281719
207284019
207285061
207286440
207295173
207310297
207311445
207313687
207319806
207320059
207333947
207343080
207343521
207346269
207347322
207364707
207373178
207373581
207374485
207374564
207378044
207378452
207379520
207381982
207382194
207382523
207382535
207384096
207398459
207399040
207399658
207410651
207418847
207419669
207420277
207426897
207430435
207431894
207432958
207437365
207438075
207438561
207452122
207452942
207457569
207458132
207459630
207460185
207464606
207467457
207471579
207473785
207480858
207483767
207484580
207484670
207486656
207487324
207487681
207490032
207490766
207491515
207492432
207495568
207500082
207500123
207501305
207510454
207514177
207523800
207526648
207527396
207530116
207531132
207533137
207534992
207539113
207542983
207545549
207550443
207553525
207568461
207576029
207578167
207579983
207588058
207596980
207603173
207606757
207607386
207614065
207621096
207624408
207628683
207637382
207638134
207639456
207644679
207659342
207663077
207664404
207667815
207668019
207669427
207673098
207678255
207681139
207681316
207689964
207703057
207704727
207705990
207709305
207710092
207711043
207714105
207717206
207719767
207727694
207733991
207736244
207737638
207748081
207754593
207764590
207767141
207771555
207773597
207775240
207785286
207788481
207802305
207802355
207804391
207806766
207808774
207812349
207816288
207818679
207819766
207821790
207827944
207829199
207829526
207829731
207830949
207834197
207836365
207848270
207849457
207849742
207850755
207851643
207861761
207870243
207871864
207873349
207881726
207889931
207891808
207895580
207897762
207906236
207913769
207916134
207916516
207916751
207935718
207940183
207951067
207954988
207955696
207958994
207963628
207974207
207975206
207979532
207981267
207982227
207986276
207991307
207992653
207993802
207997963
208001197
208001321
208003267
208005691
208018121
208022812
208024791
208025261
208027985
208030207
208030485
208032944
208033496
208034507
208035883
208037602
208042541
208043972
208048013
208049684
208055287
208057233
208058916
208063482
208066323
208070142
208072152
208072364
208072733
208077324
208082017
208084437
208087056
208096855
208105239
208105962
208106105
208107016
208108533
208123995
208128050
208130045
208133346
208137450
208145556
208149153
208153173
208155102
208157991
208161844
208168379
208170062
208170123
208178604
208180261
208181162
208181499
208189764
208195040
208196017
208196390
208196732
208200280
208203445
208208663
208213264
208213570
208214899
208218315
208219549
208221646
208222792
208224085
208227240
208228297
208229634
208237478
208239634
208240744
208243295
208248012
208250374
208254328
208254636
208259629
208259677
208260360
208261423
208262833
208266433
208274918
208274943
208276951
208293707
208296357
208297127
208303791
208308629
208308941
208310189
208333601
208338734
208339135
208340835
208346819
208347887
208348798
208349071
208351990
208353685
208353884
208365829
208370997
208371935
208379202
208382070
208385086
208386013
208394161
208394550
208396607
208397517
208398602
208400244
208400738
208402703
208409397
208415845
208427534
208429300
208433370
208434642
208440157
208441808
208443733
208451006
208452424
208453418
208455801
208455992
208462221
208463629
208469785
208474039
208474397
208480714
208491745
208494271
208495501
208498044
208499938
208500374
208506140
208511401
208515818
208517925
208521320
208522899
208526147
208528648
208529439
208532374
208538483
208542762
208543557
208545030
208545605
208546372
208549592
208550388
208551782
208559832
208561368
208567845
208570022
208571494
208573257
208577377
208577852
208582197
208584151
208586269
208586848
208587905
208593600
208595256
208602534
208603328
208612135
208614333
208618033
208618345
208618777
208625312
208629677
208630666
208632372
208633608
208636091
208638635
208639580
208644585
208648440
208653464
208654269
208656013
208657590
208660139
208662531
208668403
208668913
208670527
208682099
208687440
208690709
208695755
208697240
208699071
208702803
208703165
208705345
208705805
208706545
208707871
208715997
208717566
208718089
208721301
208721559
208732043
208733815
208734903
208735725
208737075
208737838
208739518
208741988
208742381
208743387
208743494
208744532
208746991
208748393
208750622
208754743
208758541
208760535
208762536
208763073
208765273
208770549
208773416
208776334
208778625
208782869
208788175
208788260
208788283
208789322
208790676
208792728
208793850
208805543
208805708
208807812
208811280
208813248
208825237
208826266
208826361
208828021
208829812
208831618
208832431
208837107
208837158
208851584
208864301
208864702
208868289
208869982
208873347
208873576
208875638
208880663
208884169
208889204
208889618
208898649
208900864
208901295
208903889
208905212
208905343
208912073
208914055
208919240
208933421
208937648
208938386
208941627
208942376
208944789
208952477
208954820
208957625
208958760
208959257
208960160
208962032
208971847
208974098
208980598
208981172
208985258
208985626
208986024
208988173
208989430
208990692
208996719
209000182
209001643
209002181
209005248
209018635
209019065
209025791
209026707
209029198
209031087
209032182
209034846
209038244
209040691
209044829
209046836
209049111
209049703
209054394
209060267
209065841
209068044
209075504
209075916
209076690
209077348
209081805
209083097
209097293
209100493
209105147
209105465
209109655
209115315
209122372
209134852
209138922
209144547
209146378
209149063
209153447
209156764
209159429
209167953
209185059
209185500
209188219
209188235
209188537
209188976
209193387
209197136
209197330
209197719
209201179
209208241
209215368
209216062
209216760
209230909
209232772
209239207
209239736
209240811
209240985
209241913
209247154
209247779
209259474
209263363
209280050
209281024
209286901
209288787
209290239
209292478
209294634
209302390
209307579
209309013
209310314
209315121
209317107
209320694
209321236
209323828
209325285
209329360
209330382
209341666
209349465
209351311
209353767
209353821
209361788
209369348
209373172
209373623
209374614
209380266
209389288
209399161
209407573
209407769
209417087
209420679
209425867
209426785
209426946
209435286
209437087
209438260
209443229
209446220
209447544
209447768
209451335
209456675
209462431
209465613
209466203
209474955
209475395
209484412
209486140
209487323
209489830
209490602
209495357
209500527
209502370
209507284
209509183
209511104
209512469
209520910
209527220
209529467
209532931
209533013
209534743
209543186
209553929
209560997
209561666
209564973
209573374
209577135
209582282
209584059
209591670
209595332
209596991
209599318
209602535
209602824
209603340
209610114
209611074
209611703
209626046
209630459
209639707
209640004
209644012
209644425
209647883
209649999
209660196
209660225
209660689
209661882
209671710
209672756
209676747
209679653
209685692
209687112
209688710
209690166
209692833
209694721
209701563
209710499
209710888
209715356
209715708
209723524
209727973
209730666
209733981
209737451
209742084
209753956
209755261
209756259
209760120
209762874
209764348
209764709
209766025
209767420
209768740
209772442
209788855
209794862
209803864
209807413
209808878
209809387
209811359
209812076
209816664
209818788
209819693
209822426
209823900
209824884
209830896
209845729
209851492
209852107
209855761
209856450
209864084
209864158
209870435
209870956
209875405
209878837
209888008
209895270
209896524
209904491
209908958
209912373
209913172
209921284
209923357
209924249
209928349
209937184
209940865
209947209
209963003
209970337
209971952
209979614
209979781
209981685
209981873
209985325
209987319
209988280
209995504
210001232
210003141
210007052
210014768
210018022
210021794
210023007
210027862
210031925
210033133
210033356
210036824
210037439
210048002
210051202
210052314
210060653
210060991
210061446
210063791
210075586
210077567
210078841
210082841
210086699
210087128
210088997
210090780
210092155
210099995
210106939
210122450
210130207
210131520
210136305
210141475
210148197
210151462
210154643
210160398
210160716
210161563
210162186
210168092
210182747
210186234
210187105
210187624
210190937
210196700
210198371
210206729
210206975
210213164
210214660
210215977
210225658
210231866
210240685
210245616
210281733
210283134
210288880
210327214
210333723
210354339
210355639
210367528
210371871
210377955
210411064
210422162
210435076
210435616
210436438
210448945
210451061
210458712
210462158
210473680
210480447
210487611
210495254
210498704
210512839
210521350
210533666
210543631
210546445
210550390
210550989
210553194
210554722
210564082
210568480
210580317
210580810
210581982
210585844
210587352
210590678
210593865
210597135
210598065
210604338
210616225
210627598
210632524
210633394
210638967
210643615
210649161
210654237
210674996
210684694
210700405
210708780
210710540
210711357
210713322
210718680
210721306
210727388
210731155
210734996
210739866
210741316
210742765
210747424
210754404
210773035
210776261
210777085
210778970
210784314
210790413
210799629
210802699
210803137
210815860
210830559
210834249
210837078
210844055
210845970
210852223
210852815
210856102
210865296
210872388
210876365
210881376
210908098
210912739
210924911
210926321
210939259
210948462
210961050
210972275
210975148
210975952
210976647
210984627
210985115
211023026
211037586
211042541
211046314
211046623
211048481
211056324
211060743
211062408
211069823
211072209
211075242
211078547
211084971
211095060
211118557
211123694
211124361
211142865
211152136
211165430
211165567
211166637
211167817
211170397
211179378
211180765
211190626
211190973
211193507
211209549
211212215
211214125
211219841
211226897
211251834
211255163
211255824
211262931
211263085
211288939
211290203
211324816
211343391
211372846
211376716
211378943
211383523
211387554
211390817
211405988
211407422
211426511
211461144
211478920
211480683
211484790
211500359
211507064
211517869
211517974
211562404
211581933
211609451
211625667
211639514
211658598
211665855
211674695
211681965
211696128
211724888
211727211
211741234
211750131
211777193
211780838
211780913
211782560
211787940
211790448
211802258
211826979
211830468
211831664
211836842
211861826
211870118
211883239
211894341
211906897
211918627
211921993
211937330
211941209
211952899
211953392
211962654
211972200
211984416
211989949
211999858
212003066
212003399
212009960
212020909
212021431
212032504
212032571
212036194
212038669
212042610
212053333
212056505
212057334
212057943
212078013
212080805
212083684
212085826
212095631
212106724
212120141
212123576
212125615
212136170
212137227
212150943
212151526
212157482
212198579
212203386
212205795
212710512
220206488
220276458
220291030
220291934
220426440
220461996
220481395
220500313
220514619
220515950
220550616
220555081
220566592
220591732
220607515
220646088
220697833
220713029
220722432
228819358
228819412
228829274
228839378
228853968
228884957
228936919
229068504
229130799
229187398
229208212
246396465
246425469
246443293
246476854
246530474
246542677
246543516
246544761
246551283
246552217
246572701
246574819
246578162
246603812
246630809
246647896
246678774
246699591
246712039
246735785
246765736
246773889
246781878
246782041
246796910
246805108
246808788
246824043
246832200
246844123
246854188
246865270
246871317
246875366
246875762
246879769
246897846
246901326
246906595
246906725
246926714
246933656
246939184
246955012
246961060
246968517
246970685
246992068
246993809
246997353
246998247
247001772
247005150
247014336
247015802
247023840
247025324
247026280
247038446
247040964
247047307
247050517
247058966
247063026
247067196
247067931
247068034
247068223
247071001
247086540
247103122
247105624
247108633
247117224
247118139
247118460
247121984
247131188
247131771
247135262
247145119
247156093
247172424
247179415
247181207
247194612
247219847
247220071
247238499
247249929
247255540
247265916
247270270
247276216
247277656
247280504
247282070
247283096
247283889
247286313
247296672
247300945
247301778
247304104
247305407
247309481
247314842
247318589
247332344
247334331
247335302
247346132
247364742
247368038
247368323
247373484
247380318
247386636
247388074
247391707
247397705
247397815
247417502
247420269
247430620
247436029
247439926
247444124
247451445
247458045
247469996
247470570
247470914
247472587
247475536
247478925
247479269
247480784
247495475
247495931
247497267
247499071
247504945
247510619
247514651
247519844
247524241
247525520
247526166
247526465
247534344
247541602
247543021
247544394
247548788
247551257
247572942
247573656
247575155
247587566
247591524
247599403
247604596
247621436
247633470
247645351
247649894
247652722
247653212
247660016
247675417
247676947
247681032
247681773
247699933
247700887
247703799
247704991
247705673
247706696
247708914
247717720
247719259
247730531
247731268
247732182
247744037
247755525
247755732
247761277
247763889
247779394
247786417
247790393
247793554
247794999
247801264
247806138
247806975
247815843
247818461
247819908
247824126
247835859
247838946
247843409
247855595
247866301
247868352
247872175
247877045
247878117
247879482
247880949
247888029
247891141
247892578
247901774
247907172
247911057
247912457
247927297
247934753
247939535
247940538
247942116
247956381
247963937
247974869
247978503
247983085
247983510
247998853
248017835
248021325
248023662
248031993
248041865
248055675
248055709
248063429
248075786
248084462
248088848
248104162
248104406
248108675
248125344
248149105
248157666
248161075
248164270
248165856
248169457
248182854
248194372
248201616
248210290
248217221
248217680
248221784
248227953
248231525
248249546
248253108
248254705
248261768
248266640
248269482
248282737
248286014
248299509
248314175
248315368
248328107
248344743
248362400
248370237
248402229
248463745
248511560
248520148
248521674
248547920
248593762
248602191
248611221
248643563
248646264
248685503
248702057
248722153
248775557
248803407
248838362
248840540
248863941
248870882
248874848
248911429
248926155
248933808
248938375
248939559
248954914
251215294
251250747
251291832
251301519
251310433
251355090
251374817
251382592
251406639
251420116
251435770
251445272
251507084
251526985
251568777
251586218
251609764
251639960
251640643
251709537
251735741
251744254
251762240
251765471
251767547
251791739
251809131
